22866
28187
3102
52651
18192
13186
13168
36604
22833
17818
32791
11365
57459
1833
61327
29540
26483
21468
53477
49225
9745
34247
40660
40580
49773
63854
63152
48111
57924
51812
44129
36667
12598
20395
32172
22801
50363
9802
11111
55042
47566
65232
13558
62791
44092
36801
15566
35570
12665
61264
21302
6555
55667
39624
21007
12339
48455
52724
55432
24237
18012
47194
49994
12216
24058
5735
40069
54640
30515
47387
2580
46955
4058
23580
50783
56000
6891
39026
62885
53550
56342
54737
25719
592
47778
25961
22605
25161
30401
50201
30688
5048
34963
46823
343
47158
43421
10133
3996
60062
6260
30995
20941
16857
55597
24544
65198
26948
27722
2540
23999
5791
26308
47186
20277
37620
18972
35700
22267
63246
36764
39955
54312
21007
16402
2554
61789
33978
44569
10030
8823
25552
5600
38226
35876
35250
28608
3733
51613
25057
43924
46097
12023
18899
42906
25933
56049
59506
28462
43041
54396
674
57849
39207
44597
25963
41858
54328
4024
61573
50139
7628
22839
13271
44120
12808
54421
27271
36200
41211
32652
17592
29911
12608
3905
59395
52286
20282
63151
48341
52884
34722
49485
3551
26513
42076
14853
40250
22759
29391
36528
13105
46403
32671
53667
49767
6488
44174
42
10100
13458
46923
40395
17540
28484
55980
17302
26290
57319
13311
28795
35082
30221
37818
56881
21050
50416
45099
32140
9380
14968
10827
38888
30419
46875
37985
61746
598
24844
20596
57898
25475
32249
3434
27620
8990
64655
19882
8156
5715
54863
25954
14841
44962
23802
61769
32605
36521
63923
56627
56446
913
36988
42082
35523
42785
9742
49217
57366
53471
10606
64915
11713
62220
52069
12317
3560
30458
40265
519
46032
64999
39858
12923
47596
12433
14838
52964
11422
62847
46521
57319
20761
51364
16419
48841
47060
31120
35111
11740
20803
7653
10849
16159
29865
1558
57185
45876
33714
55725
35382
29014
13553
12193
43463
61991
43708
26103
11631
25700
40584
45908
54117
10054
53740
23617
28510
11015
6465
11899
22856
22828
6012
23859
45767
21433
49879
11201
23030
26822
5434
32618
684
20295
42348
5766
41404
11897
1545
18908
49476
9081
39066
36578
30423
17544
25766
31887
7612
24391
34869
35644
3494
64377
1885
49341
49821
42628
22306
44699
6757
6491
43992
46989
53224
21235
14335
15636
27433
28972
32045
50420
48472
39226
8301
8683
21025
5074
24028
25211
12867
22568
61249
36185
60736
55374
42595
48103
14870
14642
63728
51728
1506
15648
39057
54802
32110
4403
61677
3294
22548
12565
65226
34400
20786
32955
37341
11030
36487
9704
19925
4021
32327
43919
63950
22173
9565
60263
9973
20419
40372
32539
27355
14527
45902
13852
18271
1567
50781
26606
990
1842
52706
24727
51537
58483
4759
34457
4144
30936
55988
60126
6739
50615
13641
27771
49284
53823
42241
30632
12659
41043
61283
10569
31328
39911
31727
35679
24448
34180
47052
64110
28369
63160
62294
7441
35474
18032
20766
15764
54339
60751
7673
7628
50527
9671
22989
24535
62128
37636
15725
30474
64060
21197
7311
25489
11401
15298
28973
42292
53434
51514
2084
16051
20994
39447
58252
65364
3133
38735
16082
50200
55221
6953
20609
61821
24847
31220
40760
585
64695
27230
34707
60304
9400
13530
33093
671
34706
41192
46921
35412
19878
2794
9081
39872
34004
18327
58861
36114
60789
16766
28101
39638
23821
64389
63634
32294
45141
42783
16549
57095
43893
14479
3733
37178
62308
44252
69
8972
31127
34485
50455
7705
45823
49003
27877
6386
59323
2494
11055
19282
59732
13217
8880
11348
54503
15568
52417
61457
62660
18422
19650
47017
52402
30157
16187
28913
17627
29485
12325
47471
23616
42661
2237
24493
56294
30278
13538
7759
62249
46329
36686
61920
10871
28248
64647
34173
40990
43696
64302
63316
26975
28925
59050
64760
19586
62562
40048
54402
56799
5217
7520
37741
38244
56507
29030
10815
25391
41526
58532
50649
883
30265
57474
16323
11145
39678
28952
48949
12018
11998
38336
63620
59997
40328
64448
6339
20408
23504
47292
7049
32869
48268
8572
18892
54458
9442
24065
63026
53675
51884
56943
15840
57792
23190
11070
61609
42187
11116
40611
39146
64826
60173
41820
32354
18939
17862
61062
2225
52041
56559
29881
61796
20381
52093
20251
41864
28287
61773
28921
6996
47472
42579
37626
48213
2544
20468
35622
21344
1695
33467
62068
50217
60294
60361
22049
27793
53821
40379
46711
51728
6329
40724
661
25642
254
45574
62232
59873
21282
23000
51440
5130
15911
40587
19392
33562
11654
7840
270
320
274
42758
9340
24874
30029
62554
59042
29509
29631
64840
62695
5803
1926
26160
11910
23701
23117
38972
43681
44398
9197
42097
7798
16774
35409
15346
10846
30038
29588
56310
52716
13988
39014
64556
2029
11367
17429
58279
37917
17403
8573
28967
32468
62105
60302
61938
27717
63227
31916
19639
36435
31793
58543
42608
18119
45302
45460
64484
56557
48580
62881
22019
53980
19545
18077
34705
45268
56622
40866
12822
18874
1826
55706
62708
56264
35600
10368
38378
10634
15677
31903
64729
62032
2215
51814
32514
39813
25019
32774
3834
34652
1546
63897
63523
30224
53775
43520
15585
28336
13616
15127
2161
26817
37588
56111
54824
14765
58936
47677
35499
58757
49593
50968
13835
15196
16856
42730
10886
51053
35989
46707
32913
25034
48902
26803
43174
36052
51663
16556
54228
7184
16660
57129
28613
14293
57990
35088
49186
21931
58361
14922
30700
36183
39738
54144
45056
18679
56433
29077
28399
30742
27609
13228
18247
35805
64033
857
8052
51838
33894
45340
42731
17193
18955
28995
6724
30511
20409
31130
61731
55809
4052
57909
47019
40333
16881
41669
24570
62579
52426
27886
41255
29866
1185
35533
48769
38178
21414
53785
13738
13423
40672
8112
6966
38772
63583
55221
17706
39384
2990
13180
6227
45277
50094
2818
53840
34970
52574
35678
21768
9492
12804
26966
50036
39326
28927
34439
2282
14944
28171
21382
44609
6923
41202
4410
4374
17478
9992
15064
13212
9184
23061
6015
23746
52281
7080
43411
46026
57938
4936
53850
56651
63782
12819
42156
31957
14703
11056
6511
56313
55289
32332
59179
63402
6067
48240
23174
56829
36969
59451
9021
49805
44444
3265
63315
3435
58034
15082
18450
6585
53344
10157
37222
29752
33817
18130
50940
26982
